A = [400, -201; -800, 401];
b = [200; -200];

x = A \ b